%YAML:1.0

#--------------------------------------------------------------------------------------------
# Camera Parameters. Adjust them!
#--------------------------------------------------------------------------------------------

# Camera calibration and distortion parameters (OpenCV)

Camera.fx: 735.215354396876
Camera.fy: 735.215354396876
Camera.cx: 217.618953704834
Camera.cy: 225.4388370513916

Camera.k1: 0.0
Camera.k2: 0.0
Camera.p1: 0.0
Camera.p2: 0.0

Camera.width: 640
Camera.height: 480

# Camera frames per second
Camera.fps: 10.0

# stereo baseline times fx
Camera.bf: 85.01744851441613

# Color order of the images (0: BGR, 1: RGB. It is ignored if images are grayscale)
Camera.RGB: 1

# Close/Far threshold. Baseline times.
ThDepth: 40

#--------------------------------------------------------------------------------------------
# Stereo Rectification. Only if you need to pre-rectify the images.
# Camera.fx, .fy, etc must be the same as in LEFT.P
#--------------------------------------------------------------------------------------------
LEFT.height: 480
LEFT.width: 640
LEFT.D: !!opencv-matrix
   rows: 5
   cols: 1
   dt: d
   data:[0.2405651493626415, -1.186927341939447, -6.999827494943464e-05, -0.00272235004517856, 1.831447948136236]
LEFT.K: !!opencv-matrix
   rows: 3
   cols: 3
   dt: d
   data: [634.1401449555412, 0, 300.9924660504233,0, 634.9433066105644, 252.9673307851867,0, 0, 1]

LEFT.R:  !!opencv-matrix
   rows: 3
   cols: 3
   dt: d
   data: [0.0148655429818, -0.999880929698, 0.00414029679422,0.999557249008, 0.0149672133247, 0.025715529948,-0.0257744366974, 0.00375618835797, 0.999660727178]
LEFT.P:  !!opencv-matrix
   rows: 3
   cols: 4
   dt: d
   data: [435.2046959714599, 0, 367.4517211914062, 0,  0, 435.2046959714599, 252.2008514404297, 0,  0, 0, 1, 0]

RIGHT.height: 480
RIGHT.width: 640
RIGHT.D: !!opencv-matrix
   rows: 5
   cols: 1
   dt: d
   data:[0.1985885702396698, -0.702690221631145, -0.00402935609643589, 0.002265473011053715, 0.6953108668366327]
RIGHT.K: !!opencv-matrix
   rows: 3
   cols: 3
   dt: d
   data: [616.1233351043513, 0, 353.8417172260189,0, 617.1535629117343, 200.7446228654065,0, 0, 1]
RIGHT.R:  !!opencv-matrix
   rows: 3
   cols: 3
   dt: d
   data: [0.0125552670891, -0.999755099723, 0.0182237714554,0.999598781151, 0.0130119051815, 0.0251588363115,-0.0253898008918, 0.0179005838253, 0.999517347078]
RIGHT.P:  !!opencv-matrix
   rows: 3
   cols: 4
   dt: d
   data: [435.2046959714599, 0, 367.4517211914062, -47.90639384423901, 0, 435.2046959714599, 252.2008514404297, 0, 0, 0, 1, 0]


RotationOfCamera2:  !!opencv-matrix
   rows: 3
   cols: 3
   dt: d
   data: [0.9994382036178614, 0.0007887345977092013, -0.03350604492978221,-2.073817805679545e-05, 0.9997374098997825, 0.02291529656806099,0.03351532066130621, -0.02290172798302768, 0.9991757773967307]

TranslationOfCamera2: !!opencv-matrix
   rows: 3
   cols: 1
   dt: d
   data: [-114.1875516864081,-0.1165879437668266,-18.24557290425103]
         

#--------------------------------------------------------------------------------------------
# ORB Parameters
#--------------------------------------------------------------------------------------------

# ORB Extractor: Number of features per image
ORBextractor.nFeatures: 1200

# ORB Extractor: Scale factor between levels in the scale pyramid 	
ORBextractor.scaleFactor: 1.2

# ORB Extractor: Number of levels in the scale pyramid	
ORBextractor.nLevels: 8

# ORB Extractor: Fast threshold
# Image is divided in a grid. At each cell FAST are extracted imposing a minimum response.
# Firstly we impose iniThFAST. If no corners are detected we impose a lower value minThFAST
# You can lower these values if your images have low contrast			
ORBextractor.iniThFAST: 20
ORBextractor.minThFAST: 7

#--------------------------------------------------------------------------------------------
# Viewer Parameters
#--------------------------------------------------------------------------------------------
Viewer.KeyFrameSize: 0.05
Viewer.KeyFrameLineWidth: 1
Viewer.GraphLineWidth: 0.9
Viewer.PointSize: 2
Viewer.CameraSize: 0.08
Viewer.CameraLineWidth: 3
Viewer.ViewpointX: 0
Viewer.ViewpointY: -0.7
Viewer.ViewpointZ: -1.8
Viewer.ViewpointF: 500

